((("pd" .
   [0 1])
  ("pandas" .
   [0 0 0 1 0 0])
  ("forms" .
   [0 0 1 0 0])
  ("message" .
   [1 0 0 0 0 2 0])
  ("form" .
   [2 0 0 0])
  ("GET" .
   [0 0 1])
  ("django" .
   [0 0 0 1 0 0])
  ("import" .
   [0 0 0 0 2 0])
  ("urls" .
   [0 0 0 1])
  ("url" .
   [1 0 0])
  ("views" .
   [2 0 0 0 0])
  ("add" .
   [1 0 0])
  ("delete" .
   [1 0 0 0 0 0])
  ("edit" .
   [1 0 0 0])
  ("block" .
   [1 0 0 0 0])
  ("body" .
   [1 0 0 0])
  ("input" .
   [1 0 0 0 0])
  ("type=" .
   [1 0 0 0 0])
  ("if" .
   [1 0])
  ("your_name" .
   [2 0 0 0 0 0 0 0 0])
  ("endif" .
   [1 0 0 0 0])
  ("endblock" .
   [1 0 0 0 0 0 0 0])
  ("request" .
   [2 0 0 1 2 0 0])
  ("your" .
   [2 0 0 0])
  ("name" .
   [1 0 0 0])
  ("render" .
   [2 0 0 0 0 0])
  ("models" .
   [2 0 0 0 0 0])
  ("CharField" .
   [1 0 0 0 0 0 0 0 0])
  ("max_length" .
   [1 0 0 0 0 0 0 0 0 0])
  ("null" .
   [1 0 0 0])))
